variant_id,stop_id
852930,1138
852930,3412
852930,211
852930,240
853239,4898
853239,1547
853461,5475
853461,179
853474,2528
853474,2036
853474,353
853474,4284
853474,4286
853476,812
853476,3861
853476,4458
853476,4115
853476,4709
853476,4481
853476,4678
853476,4461
853476,4746
853502,3758
853502,1149
853502,4634
853502,4478
853502,4707
853502,4744
853504,33
853504,4663
853504,538
853505,539
853505,4664
853505,838
853540,981
853540,2482
853540,73
853541,73
853549,1015
853549,5609
853596,5608
853596,5561
853596,4248
853598,5608
853598,895
853605,5608
853605,2251
853605,895
853612,5608
853612,2251
853612,895
853612,3976
853612,3972
853631,686
853631,3123
853631,636
853638,1782
853638,638
853638,3124
853638,5599
853638,4908
853807,812
853807,3861
853807,4458
853807,4115
853807,4709
853807,4481
853807,4678
853807,4461
853807,4746
853807,4711
853823,33
853823,4663
853823,538
853823,3272
853823,3370
853982,5689
853982,2955
853982,3134
854085,5692
854246,1751
854246,1868
854487,638
854487,3124
854487,687
854487,2056
854487,5110
854487,5108
854488,637
854488,5108
854488,680
854488,5553
854488,5341
854493,638
854493,3124
854493,687
854493,2056
854493,5110
854493,5108
854493,5405
854497,1782
854497,638
854497,3124
854497,5599
854497,46
854530,3182
854530,2861
854530,1149
854530,5614
854530,5297
854530,1142
854530,5582
854530,639
854530,3895
854556,3893
854556,481
854556,3526
854556,4895
854556,554
854571,16
854571,198
854571,3547
854571,5297
854571,1151
854571,494
854571,3518
854571,5456
854571,509
854571,3526
854571,546
854571,613
854571,3895
854607,5423
854608,1249
854629,103
854629,799
854629,1125
854629,3762
854629,114
854629,5154
854629,4748
854638,5409
854638,3130
854638,116
854638,5424
854638,1142
854638,665
854642,212
854642,2479
854642,115
854676,5296
854676,271
854676,281
854676,5571
854676,5466
854710,3895
854711,1892
854711,603
854711,1900
854715,1160
854715,639
854715,3899
854715,1892
854715,604
854715,5578
854715,1034
854715,1701
854788,1151
854788,305
854788,3891
854817,647
854817,637
854829,480
854829,3134
854847,5297
854851,5296
854893,5297
854895,5296
854908,2899
854908,55
854908,5440
854908,2274
854908,2304
854908,3415
854908,2828
854908,707
854908,603
854908,4892
854908,1330
854908,3517
854908,508
854940,16
854940,198
854940,3547
854940,5297
854940,1151
854940,494
854940,3518
854940,5456
854941,16
854941,198
854941,3547
854941,5297
854941,1151
854941,494
854941,3518
854983,1160
854983,5582
854983,651
854995,707
854995,613
855028,1396
855028,1750
855278,5636
855278,2506
855278,3422
855278,2013
855278,761
855293,5626
855293,1963
855293,3182
855293,2861
855293,1149
855293,5297
855293,1142
855293,5582
855296,1239
855296,281
855296,403
855296,5625
855296,1816
855296,5520
855296,5522
855296,4881
855296,4878
855308,638
855325,1125
855325,3762
855325,114
855325,5154
855325,952
855327,115
855329,665
855335,613
855359,642
855359,636
855359,1312
855359,1176
855359,4893
855359,1901
855359,604
855359,605
855359,708
855359,711
855359,3421
855372,1160
855372,639
855372,3899
855372,1892
855372,604
855372,934
855372,2117
855372,5577
855373,1034
855373,1701
855373,5578
855373,1189
855373,935
855373,707
855373,613
855373,4652
855373,637
855373,648
855373,5600
855373,665
855377,5578
855377,1189
855377,935
855377,707
855377,613
855377,4652
855377,637
855377,644
855381,648
855381,5579
855381,212
855381,5296
855381,271
855381,281
855381,812
855383,526
855383,538
855383,3272
855439,242
855439,5296
855439,2492
855457,5636
855457,2506
855457,3422
855457,2013
855466,5288
855466,271
855466,2863
855466,3518
855466,5456
855485,509
855485,3526
855485,546
855485,613
855485,637
855486,3526
855486,546
855486,613
855486,637
855500,546
855500,4895
855500,554
855500,2880
855503,553
855503,4892
855503,1330
855503,3517
855503,508
855526,596
855526,1034
855526,1701
855526,575
855526,555
855526,4892
855528,5626
855528,1963
855528,3182
855528,2861
855528,1149
855528,5297
855528,1142
855528,5582
855533,281
855533,403
855533,5571
855545,281
855545,403
855545,5625
855545,1816
855545,5520
855545,4878
855545,4880
855575,116
855575,5424
855575,1142
855575,665
855581,642
855581,636
855581,1312
855581,1176
855581,4893
855581,1901
855581,604
855581,605
855581,708
855581,711
855581,3421
855587,1901
855587,613
855587,3895
855611,1901
855611,604
855611,708
855611,711
855611,3421
855611,2305
855611,2871
855612,2899
855612,51
855612,2274
855612,3415
855612,2828
855612,707
855612,603
855612,4892
855616,1312
855616,2028
855616,3517
855616,508
855616,5456
855627,5689
855627,2528
855627,481
855627,5457
855627,509
855627,3526
855627,546
855627,4895
855627,554
855657,1160
855657,212
855657,2479
855657,115
855657,3130
855657,5408
855660,1160
855661,3526
855661,5575
855661,4570
855694,5578
855694,1189
855694,935
855694,707
855694,613
855694,4652
855694,637
855694,644
855730,638
855730,700
855750,603
855750,4892
855772,509
855772,3526
855772,546
855772,613
855772,3895
855793,5445
855793,2528
855793,481
855793,5457
855793,509
855793,3526
855793,546
855793,4895
855793,554
855795,2855
855832,760
855832,757
855832,1230
855832,2711
855832,3419
855832,5636
855832,2375
855836,5689
855836,5700
855836,5220
855880,5636
855880,2506
855880,3415
855881,3419
855883,2506
855883,3422
855883,2013
855885,760
855885,757
855885,1230
855885,2711
855885,3419
855885,2375
855892,5700
855892,5220
856099,4827
856099,4389
856099,2665
856099,348
856099,481
856099,509
856106,5288
856106,5613
856106,4634
856106,4478
856106,4707
856106,4467
856136,5608
856136,149
856137,148
856137,5609
856148,148
856149,148
856149,5609
856150,148
856150,5609
856153,153
856153,148
856153,5609
856154,153
856154,148
856155,153
856155,148
856155,5609
856156,153
856156,148
856156,5609
856157,153
856157,148
856157,5609
856157,4144
856158,115
856158,4803
856158,981
856158,2482
856158,73
856158,5609
856168,5608
856168,149
856168,153
856337,115
856337,4803
856337,981
856337,2482
856337,73
856337,5609
856338,5608
856338,2251
856402,3976
856402,3972
856468,1398
856468,3522
856468,1418
856468,2031
856468,1868
856624,5587
856624,4400
856624,348
856624,1215
856624,481
856625,1330
856625,3517
856625,480
856625,2035
856625,350
856626,5569
856626,349
856626,1215
856626,481
856638,3134
856638,481
856638,3891
856638,5625
856642,5689
856642,2331
856642,2528
856642,481
856642,3526
856642,4895
856642,554
856643,5297
856643,4571
856643,869
856643,5575
856654,1233
856654,5459
856654,509
856654,3526
856654,841
856654,1176
856654,5425
856654,576
856654,5577
856716,1330
856716,3517
856716,480
856716,2035
856716,350
856724,539
856724,527
856729,281
856729,403
856737,396
856737,3890
856737,304
856737,2855
856748,5154
856748,5160
856748,240
856748,30
856748,305
856748,3900
856748,5639
856776,180
856776,5297
856776,240
856781,3901
856781,281
856788,4895
856802,1312
856802,2028
856802,3517
856802,508
856802,5456
856810,864
856825,5462
856825,2855
856852,596
856852,575
856852,555
856853,5626
856853,1963
856853,3182
856853,2861
856853,1149
856853,5297
856853,1142
856853,5582
856853,5583
856885,3598
856885,5627
856885,2506
856885,3415
856910,3420
856910,5592
856910,4566
856910,4256
856910,2115
856963,757
856963,3415
856963,2828
856963,1819
856963,1330
856963,3517
856963,3518
856963,3894
856963,5523
856985,2594
856985,934
856993,757
856993,3415
856993,2828
856993,613
856997,2899
856997,55
856997,2274
856997,2304
856997,3415
856997,2828
856997,707
856997,626
857003,1188
857003,711
857003,3421
857003,2305
857043,1248
857043,708
857043,711
857043,3421
857043,2305
857043,728
857334,575
857353,3884
857353,3415
857353,2828
857353,707
857353,603
857353,1900
857353,4892
857369,582
857369,5578
857369,575
857369,613
857379,576
857379,5577
857383,1901
857383,604
857383,708
857383,711
857383,3420
857394,2899
857394,55
857394,5440
857394,2274
857394,2304
857394,3415
857394,2828
857394,707
857394,603
857394,4892
857394,1330
857394,3517
857394,508
857394,5456
857394,3514
857394,2861
857394,1149
857394,5274
857396,553
857396,4894
857396,5123
857396,3517
857396,480
857396,2527
857396,5523
857396,5692
857397,757
857397,1230
857397,3415
857397,2828
857397,707
857397,1819
857397,1312
857397,2028
857397,1330
857397,3517
857397,508
857397,5461
857397,3514
857397,2816
857397,1154
857397,281
857401,5578
857401,1189
857401,935
857401,707
857401,613
857401,4652
857401,637
857401,648
857401,1162
857401,5600
857401,665
857413,639
857413,3899
857417,647
857417,639
857417,3899
857417,1248
857417,708
857417,711
857417,3421
857417,2305
857431,5681
857431,4125
857431,5689
857431,5716
857431,3514
857431,3519
857447,240
857487,5424
857487,2554
857500,546
857500,613
857500,637
857504,115
857504,3136
857507,604
857507,708
857507,711
857507,3421
857507,2273
857507,2305
857507,5440
857507,2871
857509,1149
857509,5274
857517,603
857517,4894
857517,5123
857517,3517
857517,480
857517,2527
857517,5523
857517,5692
857518,757
857518,1230
857518,3415
857518,2828
857518,707
857518,1819
857518,1312
857518,2028
857518,1330
857518,3517
857518,508
857518,5461
857518,3514
857518,2816
857518,1154
857518,281
857520,1215
857520,481
857523,1215
857523,481
857527,642
857527,636
857527,1312
857527,1176
857528,642
857528,636
857528,1312
857528,1176
857528,4893
857528,1901
857528,604
857528,605
857528,708
857528,711
857528,3421
857538,2172
857538,675
857538,5108
857541,1160
857541,639
857541,3899
857541,1892
857541,604
857541,934
857541,1034
857541,1701
857541,5577
857542,5578
857542,2117
857542,1189
857542,935
857542,707
857542,613
857542,4652
857542,637
857542,648
857542,5600
857542,665
857543,5578
857544,639
857544,3899
857544,1892
857544,604
857544,934
857546,116
857546,5424
857548,116
857548,5424
857549,935
857549,707
857549,611
857550,509
857550,3526
857550,841
857550,2029
857550,1313
857550,637
857558,3890
857558,304
857561,1151
857561,305
857561,3891
857568,3134
857589,2274
857589,3415
857589,2828
857589,603
857589,4892
857589,1330
857589,2815
857597,637
857598,5639
857605,639
857605,3899
857606,4652
857606,637
857606,668
857606,2172
857606,5405
857607,242
857607,5296
857607,2492
857610,1901
857613,864
857613,3901
857623,3218
857623,5424
857640,5296
857640,271
857640,281
857640,5571
857643,638
857691,1897
857691,2034
857691,1417
857691,1543
857692,4896
857692,1420
857692,1581
857692,1387
857701,3908
857701,1461
857701,1398
857701,1541
857701,1581
857701,1502
857701,2355
857856,812
857856,3861
857856,4458
857856,4115
857856,4459
857856,4746
857885,5608
857885,72
857885,1125
857885,4804
857885,114
857886,5608
857887,1015
857887,5609
857893,148
857893,5609
857893,4144
857894,115
857894,4803
857894,981
857894,2482
857894,73
857894,5609
857895,5609
857896,1015
857937,895
857937,3976
857937,3972
857959,1782
857959,638
857959,3124
857962,5109
857962,5110
857962,686
857962,3123
857962,642
857962,636
857971,1901
857971,604
857971,708
857971,711
857971,3422
857994,1819
857998,575
857998,555
857998,4892
858049,5608
858049,895
858073,5608
858073,895
858073,3870
858074,5608
858074,2251
858074,895
858074,3870
858139,2714
858139,5608
858139,149
858230,1149
858230,5614
858230,5297
858230,1142
858230,5582
858230,639
858230,3895
858291,5579
858291,5296
858291,271
858291,281
858291,403
858291,5571
858307,4254
858307,3617
858307,1085
858307,3603
858307,3596
858307,3598
858307,5627
858307,2506
858307,3415
858307,2828
858307,707
858307,612
858307,1819
858649,2528
858649,2036
858649,353
858649,4284
858649,4286
858649,4291
858649,4301
858649,4276
858649,4275
858668,5587
858668,4400
858668,2665
858668,4280
858668,1934
858668,4278
858668,4754
858668,4287
858668,4288
858670,5587
858670,4400
858670,2665
858670,4280
858670,1934
858670,4278
858683,5609
858683,4201
858684,5608
858684,149
858689,5608
858689,149
858689,912
858690,2714
858690,5608
858690,149
858690,912
858692,115
858692,4803
858692,981
858692,2482
858692,73
858716,5608
858716,2251
858716,895
858733,576
858733,2880
858733,565
858733,551
858733,607
858754,5109
858754,5110
858754,686
858754,3123
858754,636
858755,5340
858755,5554
858755,1169
858755,5109
858755,1318
858755,642
858755,639
858755,1248
858756,3123
858756,636
858757,4700
858757,3537
858757,638
858757,4646
858757,46
858758,46
858758,4647
858758,636
858758,3536
858758,4699
858759,638
858759,3124
858759,687
858759,2056
858759,5110
858760,637
858760,5108
858760,680
858760,5553
858760,5341
858760,5674
858760,4954
858761,5675
858761,5340
858761,5554
858761,1169
858761,5109
858761,1318
858761,642
858761,639
858761,1248
858762,1782
858762,638
858762,3124
858762,5599
858763,4728
858763,4521
858763,3123
858763,636
858764,46
858764,4521
858764,3123
858764,636
858765,4521
858765,3123
858765,636
858768,46
858768,4647
858768,636
858769,3884
858769,3415
858769,2828
858769,707
858769,603
858769,1900
858769,4892
858770,1901
858770,604
858770,708
858770,711
858770,3422
858770,4431
858770,4523
858770,2245
858770,3641
858770,4254
858776,1188
858776,708
858776,711
858776,3421
858776,728
858776,3244
858776,2105
858776,3656
858776,3669
858776,1702
858776,3706
858776,3709
858776,1200
858776,3662
858776,3664
858776,1204
858776,3635
858780,1901
858780,604
858780,708
858780,711
858780,3422
858780,4431
858780,4523
858780,2245
858780,3641
858780,3027
858780,3025
858780,4551
858787,1188
858787,708
858787,711
858787,3421
858787,728
858787,3244
858787,2105
858787,3720
858787,3656
858787,3669
858787,1702
858787,3706
858787,3709
858787,1200
858787,3662
858787,3664
858787,1204
858787,3635
858789,1188
858789,708
858789,711
858789,3421
858789,728
858789,3244
858789,4596
858789,3668
858789,1979
858789,3669
858789,3706
858789,3709
858789,1200
858789,3662
858789,3664
858791,1188
858791,708
858791,711
858791,3421
858791,728
858791,3244
858791,3720
858791,4596
858791,3668
858791,1979
858791,3669
858791,3706
858791,3709
858791,1200
858791,3662
858791,3664
858793,1188
858793,708
858793,711
858793,3421
858793,728
858793,3244
858793,2105
858793,3656
858793,3669
858793,1702
858793,3706
858793,3709
858793,1081
858797,3420
858797,5592
858797,4566
858804,1188
858804,708
858804,711
858804,3422
858804,3195
858804,2013
858804,5592
858804,3641
858804,3027
858804,3025
858804,4551
858804,4544
858816,575
858816,595
858817,575
858817,1034
858817,1701
858817,595
858835,4125
858835,5716
858835,3514
858835,3519
858866,5571
858927,3901
858927,304
858927,2531
858927,5167
858927,5155
858928,3547
858930,637
858930,5579
858930,212
858930,195
858930,179
858946,3514
858946,3526
858946,2816
858946,4570
858946,5296
858981,603
858981,1061
858981,554
859007,3415
859007,2828
859007,707
859007,606
859007,603
859007,1900
859007,4892
859007,1289
859007,2029
859007,1313
859007,637
859007,668
859007,2172
859007,675
859015,242
859015,1813
859015,212
859015,3547
859015,5288
859022,2276
859022,3415
859039,2274
859039,3415
859039,2828
859043,1248
859043,711
859043,3420
859064,665
859067,637
859067,668
859067,2172
859072,5626
859072,2861
859072,1149
859084,5296
859084,271
859084,281
859084,3782
859084,5571
859085,5296
859085,271
859085,281
859085,3782
859085,5571
859085,5466
859095,3415
859095,2828
859095,707
859095,606
859095,603
859095,1900
859095,4892
859095,2029
859095,1313
859095,637
859095,668
859098,1330
859098,3517
859098,480
859099,1901
859099,613
859100,1901
859106,1160
859106,639
859106,3899
859106,1892
859106,604
859106,934
859106,2117
859106,5578
859107,1034
859107,1701
859107,5578
859107,2117
859107,1189
859107,935
859107,707
859107,613
859107,4652
859107,637
859107,648
859107,5600
859107,665
859110,648
859110,5600
859110,665
859119,242
859119,1813
859119,212
859119,3547
859119,5288
859119,271
859136,3890
859136,304
859136,2855
859149,639
859149,3899
859149,1248
859149,708
859149,711
859149,3421
859149,2305
859182,5297
859182,1142
859187,2861
859187,5439
859187,1149
859187,5274
859188,3514
859188,2855
859188,1142
859189,509
859189,3526
859189,5388
859189,546
859189,4893
859195,509
859195,3526
859195,841
859195,2029
859195,1313
859195,637
859220,1233
859220,5459
859220,509
859221,5459
859221,927
859223,5218
859223,5221
859223,5705
859223,5692
859265,1215
859265,481
859265,5458
859265,509
859265,3526
859265,5296
859265,3801
859302,128
859307,5167
859307,5155
859307,115
859307,3136
859312,553
859313,757
859313,1230
859313,3421
859313,707
859313,613
859313,637
859326,5274
859326,1759
859326,211
859326,240
859340,1188
859340,711
859340,3421
859340,2305
859359,5424
859374,5626
859402,1629
859402,2034
859402,1417
859402,5437
859402,1397
859407,1582
859407,1578
859407,1544
859407,1397
859524,1582
859524,1578
859524,1544
859524,1407
859524,1532
859547,1472
859547,4899
859579,1541
859617,2034
859617,1417
859617,5437
859617,1397
859682,1629
859682,2034
859682,1417
859682,1533
859682,2817
859784,4570
859784,5296
859792,526
859792,538
859795,3412
859795,3547
859795,5297
859795,1151
859795,305
859795,3891
859795,5432
859799,757
859799,3415
859799,2828
859799,707
859799,603
859799,1900
859799,4892
859807,3421
859807,2275
859825,644
859825,5579
859825,5296
859825,271
859825,281
859825,403
859825,5571
859835,637
859841,2049
859841,5716
859841,3514
859841,3526
859841,546
859841,613
859861,5409
859861,3130
859861,116
859861,5424
859861,1142
859865,5405
859865,639
859865,3899
859866,4571
859866,869
859866,5123
859866,3517
859867,5296
859890,637
859890,2172
859890,675
859893,1330
859893,3517
859893,480
859894,1330
859894,3517
859894,480
859894,2035
859894,350
859900,5578
859900,1189
859900,935
859900,707
859900,613
859900,4652
859900,637
859900,648
859900,5600
859900,665
859904,1160
859906,648
859906,5579
859906,212
859906,5296
859906,271
859908,526
859908,538
859924,281
859924,403
859924,3256
859937,5639
859941,637
859942,647
859942,639
859942,3899
859942,1248
859942,708
859942,711
859942,3421
859942,2305
859946,639
859946,3899
859947,4652
859948,3134
859948,481
859948,3891
859948,5625
859949,481
859949,3891
859949,5625
859956,3134
859965,212
859965,1306
859965,281
859986,604
859986,708
859986,711
859986,3421
859986,2305
859986,2871
859990,2899
859990,55
859990,5440
859990,2274
859990,2304
859990,3415
859990,2828
859990,707
859991,2855
859991,1142
860001,5424
860001,5154
860001,240
860001,1330
860001,3517
860001,508
860007,271
860007,281
860029,927
860045,1239
860045,281
860045,403
860045,5625
860045,1816
860045,5520
860045,4878
860045,4880
860169,1750
860170,1408
860175,1408
860508,148
860508,5609
860509,83
860509,2482
860509,73
860509,5558
860509,2839
860510,2838
860510,5611
860510,74
860510,1025
860511,992
860511,5609
860512,981
860512,2482
860512,73
860512,5609
860513,5609
860514,1015
860514,5609
860515,148
860515,5609
860516,148
860517,148
860517,5609
860518,148
860518,5609
860519,153
860519,148
860523,83
860523,2482
860523,73
860523,5558
860523,2839
860523,3994
860524,83
860524,2482
860524,73
860525,2838
860525,5611
860525,74
860525,1025
860526,2838
860526,5611
860526,74
860526,1025
860527,2838
860527,5611
860527,74
860527,1025
860528,3995
860528,2838
860528,5611
860528,74
860528,1025
860529,3995
860529,2838
860529,5611
860529,74
860529,1025
860531,3995
860531,2838
860531,5611
860531,74
860531,1025
860532,74
860532,1025
860533,74
860533,1025
860534,74
860534,1025
860535,74
860535,1025
860536,992
860537,992
860537,5609
860538,992
860538,5609
860539,3871
860539,992
860539,5609
860540,3871
860540,992
860542,3871
860542,992
860542,5609
860544,992
860544,1015
860544,5609
860545,992
860545,1015
860545,5609
860546,992
860546,1015
860546,5609
860547,3871
860547,992
860547,1015
860547,5609
860548,3871
860548,992
860548,1015
860548,5609
860552,4248
860552,5620
860552,5609
860553,3977
860553,992
860553,5609
860555,4248
860555,5620
860555,5609
860556,4248
860556,5620
860556,5609
860557,4248
860557,5620
860561,3977
860561,992
860561,1015
860561,5609
860563,3977
860563,992
860563,1015
860563,5609
860564,3973
860564,3977
860564,992
860564,5609
860566,3973
860566,3977
860566,992
860566,5609
860569,3973
860569,3977
860569,992
860569,1015
860569,5609
860572,3720
860572,4529
860572,3600
860572,3603
860572,3596
860572,3598
860572,5627
860572,2506
860572,3415
860572,2828
860572,707
860572,1819
860573,3641
860576,4525
860576,3628
860576,4554
860576,3617
860576,1085
860576,3603
860576,3596
860576,3598
860576,5627
860576,2506
860576,3415
860576,2828
860576,707
860576,612
860576,1819
860581,1901
860581,604
860581,708
860581,711
860581,3422
860590,1188
860590,708
860590,711
860590,3421
860590,728
860590,3244
860590,2105
860590,3720
860590,3656
860590,3669
860590,1702
860590,3706
860590,3709
860590,1081
860600,1200
860600,3662
860600,3664
860600,1204
860600,3600
860600,3603
860600,3596
860600,3598
860600,5627
860600,2506
860600,3415
860600,2828
860600,707
860601,576
860601,5577
860601,3609
860601,2245
860601,3641
860601,4254
860601,3619
860601,3617
860601,1085
860601,3601
860606,3600
860606,3603
860606,3596
860606,3598
860606,5627
860606,2506
860606,3415
860606,2828
860606,707
860607,3600
860607,3603
860607,3596
860607,3598
860607,5627
860607,2506
860607,3415
860607,2828
860607,707
860609,576
860609,5577
860609,2245
860609,3641
860609,4254
860609,3619
860609,1085
860609,3601
860609,3663
860609,1083
860609,4539
860612,4254
860612,4566
860612,2246
860612,3608
860612,4432
860612,3415
860612,2828
860612,707
860612,603
860612,1900
860613,616
860613,1248
860613,1188
860613,708
860613,711
860613,3419
860613,735
860613,5628
860613,3599
860613,3597
860613,3604
860613,3601
860613,4528
860613,3720
860614,2934
860614,5585
860615,616
860615,1248
860615,1188
860615,708
860615,711
860615,3419
860615,735
860615,2279
860615,5628
860615,3599
860615,3597
860615,3604
860615,1086
860615,3618
860615,4555
860615,3629
860615,3692
860615,4526
860616,3615
860616,749
860616,3665
860616,3663
860616,1083
860616,4539
860616,3707
860616,1703
860616,3670
860616,3683
860616,2106
860616,727
860616,2274
860616,3415
860616,2828
860616,707
860616,612
860617,3647
860617,3649
860617,3653
860617,3044
860617,2899
860617,51
860617,716
860617,2274
860617,3420
860617,5592
860617,4566
860617,4256
860617,2115
860618,4255
860618,2934
860618,5585
860618,757
860618,3421
860618,2305
860618,2177
860618,2871
860618,3652
860618,3646
860618,3645
860619,4552
860619,3024
860619,3026
860619,4566
860619,2246
860619,3608
860619,4432
860619,3415
860619,2828
860619,707
860619,606
860619,603
860621,1188
860621,708
860621,711
860621,3419
860621,735
860621,5628
860621,3599
860621,3597
860621,3604
860621,3601
860621,4528
860621,3720
860622,616
860622,1248
860622,708
860622,711
860622,3419
860622,735
860622,2279
860622,5628
860622,3599
860622,3597
860622,3604
860622,1086
860622,3632
860622,4254
860624,708
860624,711
860624,3419
860624,735
860624,2279
860624,5628
860624,3599
860624,3597
860624,3604
860624,1086
860624,3632
860624,4254
860626,3615
860626,749
860626,3665
860626,3663
860626,1083
860626,4539
860626,3707
860626,1703
860626,3668
860626,1979
860626,3670
860626,3683
860626,2106
860626,727
860626,2274
860626,3415
860626,2828
860626,707
860626,612
860627,3615
860627,749
860627,3665
860627,3663
860627,1083
860627,4539
860627,3707
860627,1703
860627,3668
860627,1979
860627,3670
860627,3683
860627,3720
860627,2106
860627,727
860627,2274
860627,3415
860627,2828
860627,707
860627,612
860628,1082
860628,3710
860628,3707
860628,1703
860628,3670
860628,3683
860628,2106
860628,727
860628,2274
860628,3415
860628,2828
860628,707
860628,612
860629,1082
860629,3710
860629,3707
860629,1703
860629,3670
860629,3683
860629,3720
860629,2106
860629,727
860629,2274
860629,3415
860629,2828
860629,707
860629,612
860631,4255
860631,2934
860631,5585
860631,757
860631,3415
860633,1188
860633,708
860633,711
860633,3419
860633,2279
860633,5628
860633,3599
860633,3597
860633,3604
860633,3601
860633,749
860633,3665
860633,3663
860633,1083
860634,3600
860634,1086
860634,3632
860634,3618
860634,4254
860634,4566
860634,2246
860634,5578
860634,575
860635,3419
860635,5628
860635,3599
860635,4559
860636,4552
860636,3024
860636,3026
860636,2934
860636,5585
860636,3884
860636,2711
860636,3196
860636,3415
860636,2828
860636,707
860636,612
860637,708
860637,711
860637,3419
860637,735
860637,2279
860637,5628
860637,3599
860637,3597
860637,3604
860637,3601
860638,1200
860638,3662
860638,3600
860638,1086
860638,3618
860638,4254
860638,4566
860638,2246
860638,5578
860638,575
860639,4566
860639,2246
860639,5578
860639,575
860648,5167
860648,5155
860648,115
860649,5297
860649,4571
860649,869
860670,935
860670,707
860670,611
860670,1819
860670,1312
860670,2028
860670,1330
860670,3517
860670,508
860670,5456
860714,3762
860719,4652
860719,637
860720,2172
860721,5296
860749,1215
860749,481
860750,348
860752,481
860756,481
860769,3182
860769,2861
860769,1149
860769,5297
860769,1142
860769,5582
860770,648
860770,5579
860770,212
860770,5296
860770,271
860770,281
860770,812
860779,5274
860779,1759
860779,5412
860779,1142
860789,5439
860789,1963
860789,2863
860789,316
860789,3518
860789,3892
860789,1249
860789,5584
860789,3134
860807,1151
860807,305
860807,3891
860807,5432
860809,1151
860809,305
860809,3891
860811,2479
860816,2274
860816,3415
860816,2828
860816,707
860816,613
860821,2274
860821,3415
860821,2828
860821,707
860821,613
860821,4652
860821,638
860880,2861
860880,1149
860880,5274
860891,3892
860891,1249
860891,3134
860912,5432
860914,494
860915,757
860915,1230
860915,3415
860915,2828
860915,707
860915,1819
860915,1312
860915,2028
860915,1330
860915,3517
860915,508
860926,576
860936,508
860936,3859
860936,859
860936,1218
860936,3892
860974,1542
860974,1418
860974,2031
860975,1679
860975,1580
860975,1419
860975,4897
860977,1398
860977,1541
860977,1579
860977,1583
860978,2356
860978,5180
860978,1595
860978,1616
860978,5437
860978,1397
860978,1460
860978,3907
860985,1573
860985,1501
860985,1580
860985,1544
860985,1397
860985,3858
860985,1491
860985,1548
860985,4897
860985,1869
860985,1587
861106,1759
861106,1142
861106,5154
861106,5162
861106,1176
861106,1178
861106,1248
861106,708
861106,711
861106,3421
861106,2305
861106,728
861107,4652
861107,636
861107,818
861107,656
861107,242
861107,5296
861107,271
861108,1149
861108,5297
861108,240
861108,1175
861108,1782
861108,639
861108,3899
861109,242
861109,5296
861110,180
861110,5297
861110,240
861110,1175
861111,636
861111,818
861111,964
861111,5469
861111,493
861111,494
861111,3900
861111,5639
861142,242
861142,5167
861142,5155
861142,115
861142,3136
861158,4125
861158,5689
861158,5716
861158,3514
861158,3519
861158,547
861159,5681
861159,4125
861159,5689
861159,5716
861159,3514
861159,3519
861159,547
861170,952
861170,1782
861171,818
861171,5469
861173,1759
861173,1142
861173,5154
861173,5162
861173,1176
861173,1178
861173,613
861175,5167
861175,5155
861175,212
861175,3547
861176,1176
861176,1178
861176,1248
861176,708
861176,711
861176,3421
861176,2305
861176,728
861177,1901
861177,604
861177,708
861177,711
861177,3420
861177,2488
861179,636
861179,818
861179,656
861179,242
861179,5296
861179,271
861180,636
861180,818
861180,656
861180,242
861180,5296
861180,271
861181,1149
861181,5297
861181,240
861181,1175
861181,1782
861186,2869
861186,5297
861186,240
861186,1175
861187,242
861187,5296
861206,509
861206,3526
861209,5689
861209,2528
861209,481
861209,509
861209,3526
861209,547
861210,509
861210,3526
861210,547
861252,1125
861252,3762
861252,114
861252,5154
861252,4748
861259,3218
861259,5424
861259,5154
861259,5160
861259,240
861259,30
861259,305
861259,3900
861259,5639
861260,637
861260,5579
861260,212
861260,195
861260,179
861264,4894
861264,4570
861264,5296
861274,648
861274,656
861274,965
861274,1004
861274,1330
861274,3517
861274,480
861275,757
861275,3415
861275,2828
861291,799
861291,1125
861291,3762
861291,114
861312,2172
861312,675
861319,5578
861319,2117
861319,1189
861319,935
861319,707
861319,613
861319,4652
861319,637
861319,648
861319,5600
861319,665
861326,5297
861327,5296
861338,638
861342,480
861357,5109
861359,3901
861359,952
861359,815
861359,1782
861359,638
861361,638
861362,3901
861362,952
861362,815
861362,1782
861362,638
861364,5689
861364,2049
861364,3892
861371,2871
861372,2899
861372,51
861372,2274
861372,3415
861372,2828
861372,707
861373,5296
861373,271
861373,2863
861375,2899
861375,55
861375,5440
861375,2274
861375,2304
861375,3415
861375,2828
861375,707
861375,603
861375,4892
861375,1330
861375,3517
861375,508
861383,5424
861383,5154
861383,240
861394,509
861394,3526
861394,2816
861394,1782
861394,638
861395,509
861395,3526
861395,2816
861395,1782
861395,638
861396,3802
861396,5297
861396,3517
861396,508
861396,5457
861396,480
861396,2035
861397,3802
861397,5297
861397,3517
861397,508
861398,977
861398,1312
861398,1871
861398,1782
861398,637
861399,2855
861399,205
861412,5459
861412,509
861412,3526
861412,547
861413,707
861413,613
861449,1897
861449,1869
861449,1582
861449,5179
861449,1572
861464,1497
861464,2818
861464,1534
861464,5310
861464,1868
861507,376
861534,2049
861534,5716
861534,3514
861534,3526
861534,546
861534,1248
861534,711
861534,3420
861541,4652
861541,637
861541,668
861541,2172
861546,518
861546,5740
861546,2955
861546,3134
861547,469
861547,5739
861547,1011
861551,180
861551,1142
861551,5582
861551,638
861552,2274
861552,3415
861552,2828
861552,707
861552,613
861552,4652
861552,638
861552,700
861553,5571
861553,3890
861553,480
861553,3134
861556,2528
861556,481
861556,3891
861556,3933
861556,3182
861556,2855
861556,1174
861556,1142
861556,2172
861556,675
861556,5108
861557,5109
861557,212
861557,1306
861557,281
861557,1962
861557,3934
861557,3890
861557,480
861557,2527
861558,3901
861558,952
861558,815
861558,1782
861558,638
861559,553
861559,4894
861559,5123
861559,3517
861559,480
861559,3894
861562,5288
861562,271
861562,2863
861562,3518
861562,5456
861562,509
861562,3526
861562,5388
861562,546
861562,4893
861562,604
861562,708
861562,711
861562,3421
861562,2273
861562,2305
861562,5440
861562,2871
861574,1819
861574,1330
861574,3517
861574,3518
861574,3894
861574,5523
861575,2049
861576,26
861594,242
861594,5167
861594,5155
861594,115
861594,3136
861600,3900
861600,3892
861600,27
861601,5466
861601,5626
861601,2863
861601,3900
861601,3892
861601,27
861602,26
861602,3893
861602,3901
861602,281
861602,812
861602,403
861602,3782
861602,5571
861602,388
861614,4125
861614,5689
861614,3892
861614,27
861615,5681
861615,4125
861615,5689
861615,5716
861615,3514
861615,3519
861615,546
861615,856
861615,27
861624,5739
861624,1011
861625,469
861625,27
861626,26
861626,5584
861626,3134
861627,27
861629,5578
861633,639
861633,3895
861637,3892
861637,27
861646,5584
861646,3134
861649,3134
861649,5573
861653,5424
861653,5154
861653,5160
861653,240
861653,30
861653,305
861653,3900
861653,5639
861654,5639
861658,180
861658,1142
861658,5582
861658,638
861660,3891
861660,5625
861661,3134
861664,3134
861664,481
861665,3134
861667,5571
861667,3890
861667,480
861669,5571
861669,3890
861669,480
861674,5571
861674,3890
861675,1151
861675,318
861675,3892
861675,27
861676,1151
861676,318
861676,3892
861676,27
861677,1151
861677,318
861677,3892
861677,27
861685,3890
861685,480
861685,2527
861687,1249
861687,27
861688,707
861690,26
861691,2331
861691,2528
861691,481
861691,3526
861691,4893
861692,5689
861692,2049
861692,3892
861692,27
861693,26
861693,5423
861693,5523
861693,5692
861694,2049
861695,3894
861695,5523
861698,5297
861705,815
861705,1782
861705,4894
861705,3517
861713,26
861713,1330
861713,3517
861715,3134
861719,480
861719,2035
861724,509
861724,3526
861724,546
861724,4895
861724,554
861725,1233
861725,5459
861725,509
861725,3526
861725,547
861799,5692
861804,644
861818,4896
861818,1470
861818,1420
861818,5437
861818,2820
861819,1548
861819,1420
861819,1581
861819,1502
861819,1572
861820,1573
861820,1501
861820,1580
861820,1419
861820,1547
861820,2536
861821,4898
861821,1547
861821,3524
861821,1541
861823,1542
861823,3523
861823,1419
861823,1547
861823,2536
861824,1497
861824,2818
861824,1534
861824,5310
861824,2031
861826,1396
861826,2034
861826,1417
861826,5437
861826,1397
861828,4896
861828,1470
861828,1420
861828,1581
861828,1502
861828,1572
861829,1629
861829,4896
861829,1420
861829,1581
861829,1502
861829,2355
861831,1603
861831,1497
861831,2818
861831,1534
861831,1418
861831,2033
861831,1628
861835,1751
861835,2032
861835,5179
861835,2355
861836,1407
861836,1532
861836,2818
861836,4684
861836,1679
861836,1502
861836,1572
861837,1573
861837,1501
861837,1387
861837,4685
861837,2817
861837,1531
861837,1408
861854,1534
861854,1419
861854,1547
861854,2536
861878,1398
861878,3522
861878,1418
861878,2033
861878,1628
861960,2033
861960,1628
861962,3514
861962,508
861962,480
861962,347
861962,2666
861962,4389
861962,4825
861962,4738
861963,4288
861963,4300
861963,4754
861963,4285
861963,4283
861963,1217
861963,357
861963,2527
861964,4747
861964,4460
861964,4114
861964,4457
861964,3410
861965,180
861965,5476
861966,5587
861966,4400
861966,2665
861966,4280
861966,1934
861966,4278
861966,4754
861966,4287
861967,4291
861967,4277
861967,1933
861967,4279
861967,2666
861967,4401
861967,5588
861967,335
861968,4492
861968,4429
861968,4479
861968,5635
861968,5614
861968,5274
861969,5625
861969,375
861969,4413
861970,812
861970,3861
861970,4458
861970,4434
861970,4463
861971,4429
861971,4464
861971,4457
861971,3410
861973,4288
861973,4300
861973,4754
861973,4285
861973,4283
861973,1217
861973,357
861973,2527
861974,4285
861974,4283
861974,1217
861974,357
861974,2527
861975,4747
861975,4462
861975,4678
861975,4480
861975,4710
861975,4114
861975,4457
861975,3410
861976,5475
861976,179
861976,4387
861976,4490
861977,4387
861977,180
861977,5476
861978,5475
861978,179
861978,4387
861979,5475
861979,2492
861979,4387
861980,4813
861980,4387
861980,180
861980,5476
861981,4813
861981,4387
861981,180
861981,5476
861982,4387
861982,180
861982,5476
861983,180
861983,5476
861984,4276
861984,4291
861984,4277
861984,1933
861984,4279
861984,2666
861984,4401
861984,5588
861984,335
861985,5587
861985,4400
861985,2665
861985,4280
861985,1934
861985,4278
861986,4277
861986,1933
861986,4279
861986,2666
861986,4401
861986,5588
861986,335
861987,5288
861987,5613
861987,4634
861987,4478
861987,4465
861987,4746
861988,4747
861988,4429
861988,4479
861988,5635
861988,5614
861988,5274
861989,4429
861989,4479
861989,5635
861989,5614
861989,5274
861990,4492
861990,4429
861990,4479
861990,5635
861990,5614
861990,5274
861991,4747
861991,4429
861991,4479
861991,5635
861991,5614
861991,5274
861992,812
861992,3861
861992,4458
861992,4463
861992,4707
861992,4744
861992,4493
861992,4497
861993,4496
861993,4490
861993,4745
861993,4429
861993,4464
861993,4457
861993,3410
861995,3370
861995,3272
861995,539
861995,4664
861995,838
861996,4492
861996,4745
861996,4429
861996,4479
861996,4633
861996,271
861996,3757
862000,1497
862000,2818
862000,3523
862000,1419
862000,1471
862000,4899
862001,1542
862001,3523
862001,1548
862001,4899
862007,1897
862007,2034
862007,1417
862007,5437
862007,1541
862007,4684
862007,4572
862028,1869
862070,1160
862070,212
862070,2479
862070,115
862075,582
862075,5578
862075,575
862075,4892
862076,1160
862076,639
862076,3899
862076,1892
862076,604
862076,934
862076,5578
862078,1963
862078,2863
862078,316
862078,3518
862078,1249
862078,5584
862078,3134
862079,396
862079,3890
862079,304
862079,2855
862079,5296
862079,1759
862080,3901
862080,304
862080,2531
862080,5167
862080,5155
862080,2479
862081,3412
862081,1306
862081,2863
862081,3900
862081,2527
862082,2528
862082,3901
862082,2855
862082,1174
862082,116
862083,2049
862083,5716
862083,3514
862083,870
862083,4570
862083,5296
862083,5278
862083,184
862083,179
862083,3222
862083,188
862084,180
862084,5297
862084,4571
862084,869
862084,2815
862084,3518
862084,3894
862084,5523
862085,891
862085,3547
862085,5288
862085,271
862085,2863
862086,284
862086,2861
862086,1149
862086,5614
862086,5274
862086,1759
862086,1251
862087,509
862087,3526
862087,5388
862087,841
862087,2029
862087,1313
862087,1248
862087,2594
862087,934
862090,509
862090,3526
862090,841
862090,2029
862090,1313
862090,637
862090,5467
862091,5424
862091,5154
862091,240
862091,1330
862091,3517
862091,508
862091,5461
862091,3892
862091,1249
862091,3134
862095,1151
862095,494
862095,2815
862095,3518
862095,5456
862095,509
862095,3526
862095,841
862095,2029
862095,1313
862095,1248
862095,708
862095,711
862095,3422
862096,3008
862096,891
862096,1138
862096,211
862096,240
862096,5459
862096,509
862096,3526
862096,546
862096,4895
862096,554
862096,2880
862098,575
862098,977
862098,2028
862098,1330
862098,3517
862098,5459
862098,927
862141,1160
862141,639
862141,3899
862141,1892
862141,604
862141,934
862141,5577
862144,212
862144,3547
862144,5288
862145,5274
862145,1759
862145,211
862145,240
862147,1151
862147,318
862147,3892
862147,1249
862147,27
862148,2863
862148,316
862148,3518
862148,1249
862148,5584
862148,3134
862149,1963
862157,3412
862157,3547
862157,5297
862157,1151
862157,305
862157,3891
862157,5432
862158,2479
862161,1759
862161,1142
862162,728
862164,3134
862171,2528
862171,481
862172,2855
862172,1174
862172,1142
862172,2172
862172,675
862172,5108
862176,2276
862176,3415
862176,707
862176,603
862183,284
862183,2861
862183,1149
862183,5297
862184,1759
862184,116
862185,1759
862185,116
862185,5424
862195,1215
862195,481
862196,2899
862196,3422
862197,3008
862197,891
862197,1138
862197,211
862197,240
862202,575
862202,977
862202,2028
862202,1330
862202,3517
862202,5459
862202,927
862202,3581
862235,637
862235,648
862235,656
862235,965
862235,1004
862235,1330
862235,3517
862235,480
862246,5297
862246,4571
862246,3517
862247,2816
862247,952
862247,815
862247,1782
862247,4894
862247,3517
862250,636
862250,818
862250,3517
862250,508
862250,5460
862250,3514
862250,1000
862250,5626
862251,864
862251,3890
862251,3518
862251,5460
862251,509
862251,3526
862251,2816
862251,1782
862251,638
862252,636
862252,818
862252,3517
862252,508
862252,5460
862252,3514
862252,396
862253,864
862253,3890
862253,3518
862253,5460
862253,509
862253,3526
862253,2816
862253,1782
862253,638
862254,3802
862254,5297
862254,3517
862254,508
862254,5457
862254,480
862254,2035
862255,977
862255,818
862255,964
862255,5469
862257,1160
862257,5582
862257,651
862257,965
862257,3517
862257,508
862257,5460
862257,3514
862257,3901
862258,3890
862258,3518
862258,5460
862258,509
862258,3526
862258,2816
862258,814
862258,665
862259,3891
862259,396
862259,4827
862259,5520
862259,5522
862259,4881
862259,4878
862265,3899
862265,1819
862265,2815
862265,317
862265,281
862265,3934
862267,2815
862267,3891
862267,396
862267,5626
862268,603
862268,4892
862268,1330
862268,2815
862268,3891
862268,396
862268,5626
862314,3134
862317,636
862317,818
862317,964
862317,5469
862317,493
862317,494
862317,3900
862317,5639
862318,2816
862318,952
862318,815
862318,1782
862328,864
862328,3890
862328,3518
862328,5460
862328,509
862328,3526
862328,2816
862328,1782
862328,638
862329,636
862329,818
862329,3517
862329,508
862329,5460
862329,3514
862330,3514
862330,396
862331,864
862331,3890
862331,3518
862331,5460
862331,509
862331,3526
862331,2816
862331,1782
862331,638
862332,3422
862333,2880
862333,553
862333,4892
862333,1330
862333,3517
862333,508
862337,1160
862337,5582
862337,651
862337,965
862337,3517
862337,508
862337,5460
862337,3514
862337,3901
862339,1160
862339,5582
862339,651
862339,965
862339,3517
862339,508
862339,5460
862339,3514
862339,3901
862342,3890
862342,3518
862342,5460
862342,509
862342,3526
862342,2816
862342,814
862342,665
862345,509
862345,3526
862345,547
862346,3891
862346,396
862346,4827
862346,5520
862346,4878
862346,4880
862349,3891
862349,396
862349,4827
862349,5520
862349,4878
862349,4880
862358,2506
862358,3422
862358,2013
862358,761
862368,1534
862368,5310
862368,2033
862368,1472
862368,4899
862369,1548
862369,1420
862369,5437
862369,1541
862370,1897
862370,2032
862370,4250
862370,1614
862370,2817
862371,1680
862371,4250
862371,2817
862371,1496
862371,1604
862371,1452
862372,1603
862372,1497
862372,2818
862372,1534
862372,5310
862372,1868
862373,1398
862373,3522
862373,1418
862373,2033
862373,1628
862374,1573
862374,1501
862374,1580
862374,1419
862374,1471
862374,4899
862375,2356
862375,1501
862375,1580
862375,1419
862375,4897
862375,1628
862376,1497
862376,1531
862376,1408
862376,1542
862376,1579
862376,1583
862377,1629
862377,2034
862377,1417
862377,1533
862377,2817
862377,1496
862377,1604
862377,1452
862378,3908
862378,1461
862378,1398
862378,3522
862378,1596
862378,5179
862378,2355
862379,2356
862379,5180
862379,2033
862379,1750
862380,2356
862380,1501
862380,1580
862380,1544
862380,1397
862380,1460
862380,3907
862381,1635
862381,4685
862381,1544
862381,3523
862381,1418
862381,2031
862381,1495
862382,1573
862382,5180
862382,1583
862382,1396
862382,1495
862383,1586
862383,1396
862383,4898
862383,1547
862383,3857
862383,1398
862383,1541
862383,1581
862383,1502
862383,1572
862384,1534
862384,5310
862384,2033
862384,1472
862384,4899
862390,1750
862392,1868
862393,1750
862394,1751
862394,1868
862395,1869
862398,3522
862398,1419
862398,1471
862398,4899
862399,2818
862399,3523
862399,1419
862399,1471
862399,4899
862400,4896
862400,1470
862400,1420
862400,5437
862401,4896
862401,1473
862402,4896
862402,1470
862402,1420
862402,5437
862402,2820
862403,1497
862403,2818
862405,2741
862405,1581
862405,1502
862405,1572
862406,1548
862406,1420
862406,1581
862406,1502
862406,1572
862407,2032
862407,4250
862407,1581
862407,1502
862407,1572
862408,1534
862408,1581
862408,1502
862408,1572
862409,1419
862409,1547
862409,2536
862410,2032
862410,4250
862410,1419
862410,1547
862410,2536
862411,1573
862411,1501
862411,1580
862411,1419
862411,1547
862412,1573
862412,1501
862412,1580
862412,5310
862413,1573
862413,1501
862413,1580
862413,1533
862414,1548
862414,1420
862414,5437
862415,1548
862415,1420
862415,5310
862416,1548
862416,1420
862416,1533
862417,3522
862417,1548
862417,4899
862418,3523
862418,1548
862418,4899
862419,1408
862419,1542
862419,3523
862419,1548
862419,4899
862420,1582
862420,1578
862420,1544
862421,1542
862422,1542
862422,1579
862422,1583
862423,1407
862424,4898
862424,1547
862424,3524
862425,1751
862426,4898
862426,1547
862426,3524
862429,3522
862429,1419
862429,1547
862429,2536
862430,1680
862430,4250
862430,1419
862430,1547
862430,2536
862431,1408
862431,1542
862431,3523
862431,1419
862431,1547
862431,2536
862432,3523
862432,1419
862432,1547
862432,2536
862433,1548
862433,1420
862433,5437
862434,1548
862434,1420
862434,5310
862435,1548
862435,1420
862435,5437
862436,1542
862438,1407
862443,1897
862443,2032
862443,4250
862443,1614
862443,2817
862444,1897
862445,1897
862445,2032
862445,4250
862445,1614
862445,2817
862447,1497
862447,2818
862447,1534
862447,5310
862449,1680
862449,4250
862449,2817
862450,1603
862450,1497
862451,1603
862451,1497
862451,2818
862452,1868
862453,1680
862453,4250
862453,2817
862453,1496
862453,1604
862453,1452
862454,2820
862454,1496
862454,1604
862454,1452
862455,2820
862455,1534
862455,5310
862455,1868
862456,1496
862456,1604
862456,1452
862457,1398
862457,3522
862457,1418
862457,2031
862457,1868
862460,1868
862462,1396
862467,2033
862467,1628
862470,1398
862470,3522
862470,1418
862470,2031
862471,1629
862471,2034
862471,1417
862471,5437
862471,1397
862472,1629
862472,2031
862473,2741
862473,1581
862473,1502
862473,1572
862474,2032
862474,4250
862474,1581
862474,1502
862474,1572
862475,1534
862475,1581
862475,1502
862475,1572
862476,1472
862476,4899
862477,4896
862477,1473
862478,1573
862478,1501
862478,1580
862478,2742
862479,1573
862479,1501
862479,1580
862479,5310
862480,1573
862480,1501
862480,1580
862480,1533
862481,1573
862481,1501
862481,1580
862481,5310
862484,1534
862484,1418
862484,2031
862485,1408
862485,1542
862485,1418
862485,2031
862486,1541
862488,1531
862489,1542
862491,1407
862493,1897
862495,1581
862495,1502
862495,2355
862496,2034
862496,1417
862496,1581
862496,1502
862496,2355
862497,1534
862497,1581
862497,1502
862497,2355
862498,1419
862498,4897
862498,1628
862499,1601
862499,1628
862501,2356
862501,1501
862501,1580
862502,2356
862502,1501
862502,1580
862502,5310
862503,2356
862503,1501
862503,1580
862504,1629
862504,4896
862504,1420
862504,5437
862505,1629
862506,1629
862506,4896
862506,1420
862506,5437
862507,3384
862507,1581
862507,1387
862508,2034
862508,1417
862508,1581
862508,1387
862509,3384
862509,1581
862509,1387
862510,3522
862510,1419
862510,4897
862511,1601
862513,1679
862513,1580
862513,3383
862514,1679
862514,1580
862514,1459
862515,1679
862515,1580
862515,3383
862516,4896
862516,1420
862516,5437
862518,4896
862518,1420
862518,5437
862520,1582
862520,1578
862520,1544
862520,1407
862520,1532
862522,1541
862522,1579
862522,1583
862523,1587
862524,1531
862524,1408
862524,1542
862524,1579
862524,1583
862525,1582
862525,1578
862525,1544
862526,1586
862527,1582
862527,1578
862527,1544
862527,1407
862527,1532
862531,1582
862531,1578
862531,1544
862531,1397
862533,1398
862533,1541
862533,1579
862533,1583
862534,1587
862536,1582
862536,1578
862536,1544
862536,1397
862537,1586
862540,1398
862540,1541
862540,1579
862540,1583
862541,1398
862542,1578
862542,1544
862542,1397
862544,1629
862544,2031
862545,1603
862545,1497
862546,1603
862546,1497
862546,2818
862547,2820
862547,1496
862547,1604
862547,1452
862548,1496
862548,1604
862548,1452
862549,1397
862549,1460
862549,3907
862550,1534
862550,1596
862550,5179
862550,2355
862551,2356
862551,5180
862551,1595
862551,1616
862551,1533
862552,3908
862552,1461
862552,1398
862554,3523
862554,1548
862554,4899
862557,1564
862557,1579
862557,5179
862557,2355
862558,2356
862558,5180
862558,1578
862558,1565
862561,4898
862561,1547
862561,3524
862562,1532
862562,2818
862562,4684
862562,1679
862562,1502
862562,1572
862563,2820
862563,4684
862563,1679
862563,1502
862563,1572
862564,2032
862564,4250
862564,1581
862564,1502
862564,1572
862565,2818
862565,4684
862565,1679
862565,1502
862565,1572
862566,2820
862566,1531
862566,1408
862568,1531
862568,1408
862570,1531
862571,1407
862571,1532
862571,2818
862572,1407
862572,1532
862572,2818
862572,1534
862573,1407
862573,1532
862574,1573
862574,1501
862574,1387
862574,4685
862574,2817
862576,1573
862576,1501
862576,1387
862576,4685
862576,2817
862577,1397
862577,1460
862577,3907
862578,1541
862578,1581
862578,1502
862578,2355
862579,2356
862579,1501
862579,1580
862579,1544
862580,3908
862580,1461
862580,1398
862581,1635
862581,4685
862581,1544
862581,3523
862581,1418
862581,2031
862583,1541
862583,4684
862583,4572
862584,3522
862584,1418
862584,2031
862584,1495
862586,3523
862586,1418
862586,2031
862586,1495
862588,1897
862588,2034
862588,1417
862588,5437
862590,1897
862590,2034
862590,1417
862590,5437
862591,1635
862591,4685
862591,1544
862594,1897
862594,2034
862594,1417
862594,5437
862595,1564
862595,1615
862595,1583
862595,1396
862595,1495
862596,1869
862596,1582
862596,5179
862596,1572
862597,1564
862597,1615
862597,5179
862597,1572
862599,1573
862599,5180
862599,5115
862600,1897
862600,1869
862600,1582
862600,5115
862601,4898
862601,1547
862601,3857
862601,1398
862601,1541
862601,1581
862601,1502
862601,1572
862602,1573
862602,1501
862602,1580
862602,1544
862602,1397
862602,3858
862602,1491
862602,1548
862602,4897
862602,1869
862603,1573
862603,1501
862603,1580
862603,1544
862603,1397
862603,3858
862603,1491
862603,1548
862603,4897
862603,1869
862604,1398
862604,1541
862604,1581
862604,1502
862604,1572
862606,1541
862606,1581
862606,1502
862606,1572
862607,3858
862607,1491
862607,1548
862607,4897
862607,1869
862607,1587
862608,1869
862608,1587
862609,1397
862609,3858
862609,1491
862609,1548
862609,4897
862609,1869
862609,1587
862611,1586
862611,1396
862611,4898
862611,1547
862611,3857
862612,1586
862612,1868
862613,1586
862613,1396
862613,4898
862613,1547
862613,3857
862613,1398
862614,1573
862614,1501
862614,1580
862614,1544
862614,1397
862615,1573
862615,1501
862615,1580
862615,1544
862627,4652
862627,1892
862627,603
862627,1900
862628,4652
862628,637
862628,648
862628,5579
862628,212
862628,5296
862628,271
862628,281
862628,812
862632,4652
862632,1819
862632,1330
862632,3517
862632,508
862632,5456
862632,3514
862632,1154
862632,5296
862632,1759
862632,15
862635,3899
862635,1819
862635,2815
862635,317
862635,281
862635,3934
862637,4652
862667,4652
862667,1892
862667,603
862667,1900
862667,1061
862667,4892
862671,4652
862671,637
862671,648
862671,5579
862671,212
862671,5296
862671,271
862682,3899
862682,604
862682,708
862682,711
862682,3421
862682,2305
862682,2871
862707,3933
862707,2863
862707,316
862707,5487
862707,613
862707,3895
862708,3899
862708,1819
862708,2815
862708,281
862708,3934
862709,5571
862709,864
862709,327
862709,5487
862709,546
862709,4893
862709,1901
862709,604
862709,711
862709,3421
862709,2305
862710,2274
862710,3415
862710,2828
862710,603
862710,4892
862710,1330
862710,2815
862710,3891
862710,5626
862711,481
862711,3526
862711,814
862711,1175
862711,638
862712,1249
862712,27
862713,26
862713,5423
862714,115
862714,1139
862714,4803
862714,799
862714,1025
862715,91
862715,798
862715,4804
862715,114
862716,242
862716,212
862716,2479
862716,115
862716,1025
862716,3077
862717,3076
862717,1125
862717,116
862717,5424
862717,211
862717,4748
862718,3077
862718,180
862718,5476
862718,5288
862718,271
862718,281
862718,3782
862718,5571
862719,5626
862719,3781
862719,2861
862719,1149
862719,5274
862719,5475
862719,179
862719,3076
862720,3517
862720,3518
862720,1218
862720,3894
862720,5523
862720,5692
862722,539
862722,527
862723,5274
862723,1759
862723,211
862723,240
862724,26
862724,5423
862724,5716
862724,319
862724,2855
862724,5296
862725,5297
862725,1306
862725,1151
862725,318
862725,3892
862725,1249
862725,27
862726,3134
862726,5573
862726,5423
862726,3514
862726,317
862726,281
862726,403
862727,2274
862727,3415
862727,2828
862727,707
862727,1819
862727,1289
862727,2028
862727,5167
862727,5155
862727,212
862727,3547
862728,26
862728,5125
862728,5716
862728,319
862728,2855
862728,5296
862729,5297
862729,1151
862729,318
862729,3892
862729,27
862730,3526
862730,2816
862730,4570
862730,5296
862731,3008
862731,891
862731,1138
862731,3412
862731,211
862731,240
862731,3518
862731,5458
862731,509
862731,3526
862731,546
862731,27
862732,26
862732,1330
862732,3517
862732,508
862732,5458
862732,3514
862732,242
862732,212
862732,1251
862732,2999
862733,469
862733,5573
862733,5423
862733,5716
862733,5458
862733,3526
862733,547
862733,242
862733,5155
862733,2479
862734,2880
862734,553
862734,4892
862734,1330
862734,3517
862734,508
862734,5459
862734,3514
862734,242
862734,212
862734,129
862734,1251
862735,553
862735,4892
862735,1330
862735,3517
862735,508
862735,5457
862735,480
862735,2527
862735,5692
862735,5686
862736,4873
862736,4875
862736,5413
862736,5521
862736,4825
862736,864
862737,508
862737,3859
862737,859
862737,1218
862737,3892
862738,5716
862738,458
862738,3860
862738,3514
862740,3933
862740,2863
862740,316
862740,5487
862740,613
862740,4652
862741,3895
862742,2274
862742,3415
862742,2828
862742,603
862742,4892
862742,1330
862742,2815
862743,5626
862744,5571
862744,864
862744,327
862744,5487
862745,481
862745,3526
862745,814
862745,1175
862746,5716
862746,3514
862746,3526
862746,546
862746,1248
862746,711
862746,3420
862748,115
862748,1139
862748,4803
862748,799
862748,1025
862749,91
862749,798
862749,4804
862749,114
862750,3076
862750,1125
862750,116
862750,5424
862750,211
862750,4748
862751,3076
862751,1125
862751,116
862751,5424
862752,3076
862753,3076
862753,1125
862753,116
862753,5424
862753,211
862753,4748
862754,3076
862754,1125
862754,116
862754,5424
862755,242
862755,212
862755,2479
862755,115
862755,1025
862755,3077
862756,2479
862756,115
862756,1025
862756,3077
862757,1125
862757,3762
862757,114
862757,5154
862757,5160
862757,4748
862758,242
862758,5167
862758,5155
862758,115
862759,1160
862759,212
862760,4571
862760,869
862760,5123
862760,3517
862761,3077
862761,180
862761,5476
862761,5288
862761,271
862761,281
862761,3782
862761,5571
862762,3077
862762,180
862762,5476
862762,5297
862763,5626
862763,3781
862763,2861
862763,1149
862763,5274
862763,5475
862763,179
862763,3076
862764,3077
862764,180
862764,5476
862764,5288
862764,271
862764,281
862764,5571
862765,5626
862765,2861
862765,1149
862765,5274
862765,5475
862765,179
862765,3076
862766,3077
862766,180
862766,5476
862766,5288
862766,271
862766,281
862766,5571
862768,5466
862768,5626
862768,2861
862768,1149
862768,5274
862768,5475
862768,179
862768,3076
862769,3077
862769,180
862769,5476
862769,5288
862769,271
862769,281
862769,3782
862769,5571
862769,5466
862770,3077
862770,180
862770,5476
862770,5288
862770,271
862770,281
862770,5571
862770,5466
862771,5466
862771,5626
862771,3781
862771,2861
862771,1149
862771,5274
862771,5475
862771,179
862771,3076
862772,5466
862772,5626
862772,2861
862772,1149
862772,5274
862772,5475
862772,179
862772,3076
862773,5274
862773,5475
862773,179
862773,3076
862774,3517
862774,3518
862774,1218
862774,3894
862774,5523
862774,5692
862774,5680
862775,3517
862775,3518
862775,1218
862775,3894
862775,5692
862776,3517
862776,3518
862776,1218
862776,3894
862776,5523
862776,5692
862776,5680
862777,26
862777,3894
862777,5523
862777,5692
862778,26
862778,5716
862778,3514
862778,3519
862779,1330
862779,3517
862779,480
862779,347
862779,2666
862779,4401
862780,1330
862780,3517
862780,480
862780,347
862780,2666
862780,4401
862780,864
862782,469
862782,5739
862782,1011
862782,547
862785,4652
862786,576
862786,5577
862787,4652
862787,637
862789,539
862789,527
862789,547
862790,3272
862790,539
862790,527
862792,26
862792,5716
862793,5274
862793,1759
862793,5412
862793,211
862793,240
862794,26
862794,5423
862794,5716
862794,319
862794,2855
862794,5296
862795,26
862795,5423
862797,26
862797,5423
862797,5716
862797,319
862798,5584
862798,3134
862799,1963
862799,2863
862799,316
862799,3518
862799,1249
862799,5584
862799,3134
862801,1963
862801,2863
862801,316
862801,3518
862801,1249
862802,5423
862802,3514
862802,317
862802,281
862802,403
862803,3514
862803,317
862803,281
862803,403
862804,3134
862804,5573
862804,5423
862804,3514
862804,317
862804,2855
862805,3134
862805,5573
862805,5423
862805,3514
862805,317
862805,281
862805,403
862805,3256
862806,3134
862806,5573
862806,5423
862806,3514
862806,317
862806,281
862806,403
862806,5439
862807,3134
862807,5573
862807,5423
862807,3514
862807,317
862807,281
862807,403
862807,5439
862807,3256
862809,469
862809,5573
862809,5423
862809,3514
862809,317
862809,281
862809,403
862810,469
862810,5573
862811,469
862811,5573
862811,5423
862811,3514
862811,317
862811,281
862811,403
862811,3256
862813,469
862813,5573
862813,5423
862813,3514
862813,317
862813,281
862813,403
862813,5439
862813,3256
862814,396
862814,3890
862814,304
862814,2855
862814,5296
862814,1759
862815,26
862815,3893
862816,304
862816,2531
862816,5167
862816,5155
862816,2479
862817,1759
862817,1142
862817,5154
862817,5162
862818,4652
862818,636
862818,818
862818,656
862818,242
862818,5296
862818,271
862818,5439
862819,812
862819,403
862820,5571
862820,3890
862820,480
862820,3134
862821,5571
862821,3890
862821,480
862821,3134
862822,5571
862822,3890
862822,480
862823,5571
862823,3890
862824,5571
862824,3890
862825,3134
862825,481
862825,3891
862825,5625
862827,26
862827,5125
862827,5716
862827,319
862828,26
862828,5125
862828,5716
862828,319
862829,26
862829,5125
862829,5716
862829,319
862830,180
862830,5297
862830,240
862830,1175
862831,2528
862831,481
862833,604
862833,708
862833,3421
862834,180
862834,5297
862835,5296
862835,5278
862835,179
862835,188
862837,27
862838,5297
862838,4571
862838,3517
862838,3518
862839,5274
862840,1759
862840,1142
862841,3008
862841,891
862841,1138
862841,3412
862841,211
862841,240
862841,3518
862842,3008
862842,891
862842,1138
862842,3412
862842,211
862842,240
862842,3518
862843,509
862843,3526
862843,546
862843,27
862844,3514
862844,242
862844,212
862844,1251
862844,2999
862845,26
862845,1330
862845,3517
862845,508
862845,5458
862845,3514
862845,242
862845,212
862846,26
862846,1330
862846,3517
862846,508
862847,469
862847,5573
862847,5423
862847,5716
862847,5458
862847,3526
862847,547
862847,242
862847,5155
862848,5716
862848,5458
862848,3526
862848,547
862848,242
862848,5155
862848,2479
862850,469
862850,5573
862850,5423
862850,5716
862850,509
862850,3526
862850,547
862851,3134
862851,5573
862851,5423
862851,5716
862851,5458
862851,3526
862851,547
862851,242
862851,5155
862851,2479
862853,3514
862853,1154
862853,5296
862853,1759
862853,15
862854,4652
862854,637
862855,636
862855,818
862855,3517
862855,508
862855,5460
862855,3514
862856,3517
862856,508
862856,5460
862856,3514
862856,1000
862856,5626
862857,864
862857,3890
862857,3518
862857,5460
862858,636
862858,818
862858,3517
862858,508
862858,5460
862859,3802
862859,5297
862859,3517
862859,508
862859,5457
862859,480
862859,2035
862860,3901
862860,315
862860,1782
862860,641
862861,977
862861,818
862861,964
862861,5469
862862,818
862862,964
862862,5469
862863,2880
862863,553
862863,5425
862863,637
862865,5692
862865,5686
862866,1160
862866,5582
862866,651
862866,965
862866,3517
862866,508
862868,575
862868,977
862868,2028
862868,1330
862868,3517
862868,5459
862870,3891
862870,396
862870,4827
862870,5520
862870,5522
862870,4881
862870,4878
862871,1330
862871,5123
862872,4873
862872,5521
862872,4825
862872,864
862873,4873
862873,5521
862873,4825
862873,864
862873,3890
862873,3526
862873,547
862874,4873
862874,4875
862874,5413
862874,5521
862874,4825
862874,864
862874,3890
862874,547
862875,4873
862875,5521
862875,4825
862875,864
862875,3890
862875,3526
862875,547
862876,4873
862876,4875
862876,5413
862876,5521
862876,4825
862876,864
862878,5218
862878,5221
862878,5705
862878,5692
862878,5686
862879,4873
862879,4875
862879,5413
862879,5521
862879,1817
862879,5626
862879,1963
862879,2855
862879,1142
862880,604
862880,708
862880,3422
862881,604
862881,708
862881,3419
862882,760
862882,757
862882,1230
862882,2711
862882,3415
862882,707
862882,603
862883,2506
862883,3415
862883,707
862883,603
862884,5686
862889,4873
862889,5521
862889,1817
862889,5626
862889,1963
862889,2855
862889,1142
862890,4873
862890,4875
862890,5413
862890,5521
862890,1817
862890,5626
862890,1963
862890,2855
862892,4873
862892,5521
862892,1817
862892,5626
862892,1963
862892,2855
